1127451830576035879
479930944670698100007569
92479459153
17894145361
92862618649153
17886704723766161
5627620540459153
5620087423766161
56200870542828061
17890539225528061
562008741632459153
93232938640459153
9286336842618649153
92863368426186670379153
479927069717569
92862618649153
481915496292587569
92824005066664807553
29204835973322717569
29165742463764807553
291657405463112946253
92843904417410046253
2916574242514638717569
483837291574622717569
48191938730036292587569
481919387300363854022877569
92441004893617553
17886704723766161
92824005066664807553
17879267180453899626961
5625280496713754617553
5617750512396599626961
56177501430668811008861
17883100087776053708861
561775050495812446617553
93194171073711854617553
9282475453193046664807553
92824754531930645422860537553
29084334199847569
5627620540459153
29204835973322717569
5625280496713754617553
1769858929190452847569
1767489801110854617553
17674896849101601756253
5626486428622898856253
176748979877051768847569
29321299785791752847569
2920507177450513322717569
29205071774505189474353007569
29045401993617553
5620087423766161
29165742463764807553
5617750512396599626961
1767489801110854617553
1765123844339299626961
17651237282941511008861
5618954830048753708861
176512384200209546617553
29282050378108954617553
2916597794930443764807553
29165977949304493819960537553
290454000840756253
56200870542828061
291657405463112946253
56177501430668811008861
17674896849101601756253
17651237282941511008861
176512361224901020400761
56189544606398593100761
1765123725956947093756253
292820484530089701756253
29165976031835443112946253
291659760318354992848275676253
92460822137856253
17890539225528061
92843904417410046253
17883100087776053708861
5626486428622898856253
5618954830048753708861
56189544606398593100761
17886933816786165800761
561895482260868390856253
93214149779610998856253
9284465404334397410046253
92844654043344152913572776253
2904540195515847569
562008741632459153
2916574242514638717569
561775050495812446617553
176748979877051768847569
176512384200209546617553
1765123725956947093756253
561895482260868390856253
17651238396648913084847569
2928205033933653068847569
291659779106857054638717569
2916597791068576163575669007569
481840935499847569
93232938640459153
483837291574622717569
93194171073711854617553
29321299785791752847569
29282050378108954617553
292820484530089701756253
93214149779610998856253
2928205033933653068847569
485766750642393052847569
48384119809906114622717569
483841198099062078075653007569
47993094467069717569
9286336842618649153
48191938730036292587569
9282475453193046664807553
2920507177450513322717569
2916597794930443764807553
29165976031835443112946253
9284465404334397410046253
291659779106857054638717569
48384119809906114622717569
4819232783395544576292587569
48192327833955538578394022877569
479930944670698100007569
92863368426186670379153
481919387300363854022877569
92824754531930645422860537553
29205071774505189474353007569
29165977949304493819960537553
291659760318354992848275676253
92844654043344152913572776253
2916597791068576163575669007569
483841198099062078075653007569
48192327833955538578394022877569
481923278339556313938621700653167569
552565373619460324702771457
272232121463003740426227904199
224073882608317979880598112458801
100093319793782366141274593273399387
43122489567443751313088326323361292797
33197510836286731426994761579470679660693
11715461231493718214087382134613251424599483
8122372384185964426950887918013110400885290207
5443239975734851205411645234644653525724306138561
1558092876156144417640678493166800019820516621834733
489377071711845963120370532690884284731560434462861233
348800139752770114885122040700880100548317560000019444809
153867707412520125122597647583514865302749460861942017267893
91283134131683877409205119834067037327086649753530579960330647
56483946555634522015509973124149989899749699146585965629651760909
31464508375053081328098404156023725604751648990082399061354319332583
11609784530205551773332647041676045268112901789783254530085970534457607
7763903028572928562495148716464121740618869072512584674756953867442365289
6313484092512783883796707109367883239865331893814367342507753125718037516787
1948761128592953528610606288376682022569567519526562201968743760674455899140957
935155437409753068195523542561960469148732857758740072140227972662228335692558937
432267005093525011690795135865340651972659398266583181509618720089713821356746909519
239493679237933461517066027319820280637120190042066871648894127771932073421849449986891
177277632625711128728122107828564730675703764910497519627300455663138969007064278860965611
58632741425381439534969931716714512571419580235014474312533497852910786683333962792419037283
56893919936477132436166130594277747392548499987591086589194445152827742228767007493658350140541
17463065334550489286805584443692302107461898839959904251847279352545260396644638726002347965713621
6911549365841302221541367273535622559917515053005928413409896481880145599748676699859354226738654823
3484039519836510090270002913575431347259349690266610266248897792062452287777194403917442686878265384569
3405531812652535714021726091604342353169098525824754743298235109361518283214524532661458269225023210600147
1860524185569082369158440187250215330131104683834052863221796311648982672426083875354206904403548290859568309
834089108728856383410923349571863663310922646259757201273024847781219392424782992600151915556833770537146058827
286439335552615738973846709818902509569351182103903941862756531343981160122818826976517855164274561748481038537851
169854382120511326943184596128613107248574421032989225492104318109469647266452197143701764738202813498377092219658191
101382133860248005703293176180110306258594686342383250620208203679722962215552245316977066412161872193372508945092311803
37103598789980932499071143319774907885093073154101754450013170157403386202704086664984548609044539398210678641806166498329
20744555378846460276933674273690596666046384549522548068549387385840518069809605135629390332670548463595564996149384125692813
13004604175420228720528505776726985238602682328436553970632452547299960423778981439763777132543625317485289347857865077532361753
3908740516453596200433831652562220681573879517456484889267543810573558227353124547885296373793274829442679637398362143049601636173
4583395498480880344159388422641885084416820329375548301584673750927943326879876687724757880382404338906951752992980864882358951228533
1356572936960829820166135709214373408817666719083277695528985727455209943034076085181520636687465536195036915463717065099699537803021453
678063977100734956150688035557116148009708907261404533708820729105300914300012455407504595623081872804731302062842761466064201591484595783
295981447212366533049004503841661044374898291618351458520489769698394671934634599163175398014524073291537326056445575077186127002933871402593
271137092124545506388125489968621129092811049247850935025390690314860581700693377610376985732077778162702646183861618607825926402660023062686537
139027138670931088443329209770899409188937085669875986044598290033555214543904523720903550818125556441718706569656174806815610340875329422494442531
48339337501605362693804699860639323790067161493692733216345638007274302594000368948152655047744021396670713080766547007558867123357684475124539648143
33745278214590672245754133155413094328928542564131648542998643028494314335582914192632280499826533228177197496838587181910065957714825848864303367335857
10064967591097729358891086871804502505764586813983273290013573408908178963372006484372073588575129001953375882950258482606461750672835868662150601091750543
7722311169125099159113981730900333726306273304065357354332836419300893510706081817517373899874041984190270598290242412128156823109712381073662489776624139843
5580427426633197565107087819294864960252203673608383908890830320193629585365736491015230257162604281213160561260470632795153510913717008034397704799078082391873
2895170881444193122792872573336961472062758084488354766818714058617872268577121964842038535764610490362147841508748369276452655898193891422333498416871216467248451
1468530887607803477663003858359787873894919336937511045646410861652483066064945196036732360325422989794222831841359574748618182935455067108837851047624477322834479501
409533566984228458239957814156746807195853131952303643001653154402550296033013614402101056340495251951956611441185008274710951426104176870507404988511932594079941991171
392204861528025616007529923252154388319744729752418406806257416444641236028685682249034595077404787410647250242685279722418857833432995840447318022634991893911775421567483
159483144849137273335707810487356535857022430679817674457702829800215273065235210758824442198296349880809688057704673532566741913375057106448322832038841892660807382609670657
65378761404634865086644257149954263545042038123558741311925815952538181875289553393634152664872548292488982553450618414111935115979473312164806344896420959986246890322678143577
45843968341430747996557923553649833672965324521130220322533393732128296660961860329766938029522368805051416099509315299461753811105156910715313953653126972563221637792046393470757
31112533349227398221809921392482991247039675679083329622685990715744339838527190698862507955197796477157062192023706461394875094293402486957430570158064909725406654866199907834104473
13800221576595102960647979061724990763968648322953987334954714355271459715065604130033619764745489867895460592960917525402162773084208000366084887470154958888213597421208975069504598031
4958166450863969330828791379409673914049939135264236816957296553279625781540244032087610958822964601771762526691564782090907332888164236975247044051404217497230702520097437368562267316957
2415066931664360106572441096390169485284460395680068756605041013196349302434817713915263718106306733677084984137389320537584381931822946730809437821208802600099899722410851115100876931978131
1317799781815516242772125210839658036588168469558683310970713087136395281315087813332964265453744779230092568312149620725964617760699714618551801876474330273147751289834311949131495968730112009
658184293683694303787059013004917191686529990180196601273242166518525928155013239472546781651598075987273913027535909431874517819459787586342767843455592458022929331780714946172131293968293195549
251107590361529716993206402080924090036554104040901022718508188604629214606170537216119293011645443603264141364277248946000591766872867396095242407588422221455089482736466676107061679757541287276237
229559485476122763473554817701642096188288020605557329124447716614350412314529793629263962018654968696826706163956158106239440797700924320703652445400715657571115988446904915801342996087542857290180441
99987265993099537618846019482659819174671036160185227017712637756947510075033018362316986298853512828036214823774061431950869521206394300952735638648214494546185780928317710584818327339642111601748073561
74604453981547749946867584963536298588211431008322986245881664506864802497995757895118871204340344207847057209234512121188328967390435616067515084591278472054208151878851034495333815234212412537357246151437
18620420320375982438758986146758732559577327116296663874542310247000628793956542078351683649508401093333635171959341977514418371910221412070011927524675940036571869231653906703553954729106673572537572216121853
16252230285603182176062834781665857927655851286974363404067306397868058149412243098204668524598031833621484799042525095110530245633566974468441651659273261973508139428104622506146469251195121154612274979134393861
5477465432552197178978390317022198430183722311076981585580251607735064727790381592770617966794390361741716389616965767300806089415378340324478515035795474246552815881685562925009132395250375142566636260964846663101
3569217982217344301046495295934765386974058221842827627882334762905518336778639196012795584160126688648244620824747362250549083641222928109651045021736142076323162755481027390114931508303078769682743775888190231542513
1128223541023772292200527934765493153128257071673866162720540075001631476726411411940269730813154658111814678566256340787507657678673778934047847799123215906894707428559585327279578989106293303471746671162237862387825523
935889139624792622459617314211699486253565632724221166183243952693065601771687118113931158700758069909991009990426493948863600436989333242000865077049110247220206569448932592364944739840747987346113935063610408168775353809
448481341534402538016447568920157109005377986839387185753165089509043614560036525391443257701600820241529940750743279630481513887022658855199550058675698226642308406320853869963163788062746886387787280699117840027970966344541
209575721811655049455421379615509104492138782207126224823592328504458193297081499734825621563583133355891797377927958096402142734717600303483997798426153079913111467543076386246697429728981489902329637270164213196562567771995409
167883330648607570754905772978723593780496678959241583243211338371882829815654462094984399663977993860249220783591282244772731626495510471413269910143141683775212663788520956329767142544993372272135857450279039251786897082929538537
51829145351312059341980124731852842544516610391680631836201952645069509433347269950505289120668779242923889362810149385509631529006507836227820743609984830427398065505192817694330521835649224298349302764705824064007254556135958230341
39135632095924506445436584235020494828732818940183787116152002249183244236324903271142728338828713852777371309009394279084103121027659000581852503668839124445581686728581589273432940986958629707978003527454230310229975448103052039606567
22758577010430599887818385575928502467301600954056875763427392319038769745815785508633267043556801584017427172916307379658347096835671298819781021358175130398575217024076521985246282886796455516031103593513746990568447924407547993224764853
10610771903188381211881525722508870980122641130776000778363811774072182155110479743578015813088038518185626429916046104492038228618906852771231481225284818854919529041995912843332978068633834389001868271127445989494753865918960378534859040847
2358131752333424679767751118549349727487944343749715643996119039004371663941134642834202006702993721207416639874108709879814345595453205936547878829472420846030994717156609343090656111464314613174028343033345428705402826784918434005409799773119
2729939391802909875369166104973617328522536091529812222925170136109115735083168042912678774021848340854532933734428686475001867679566881056303693864036180652309041399148010967412513452246839703329468434804132453986870201391301028043238481937518247
1070706091248013423006279434440833773326595132506445040373609822039573600280844091572938016608712754176780328969236324784144031788220477593009906021758023067990827308967548743652285011945127500854253725248304776706794961648715038769519279092970350847
326733809157049033187934776736745321754020836749551239277969618414257774196173375005311805754224957318246151833852175845572857959671529899863743836571809284186065464946768916810551012284915677202452236676530974733296112699773233905669271743757552149051
346999412657665998929917305925668928665761834400046829632451329620094218931770328003084117645949070923743375584008658651398421054203416196317022482279944639036393437207602549145815413551192492710926029959846161879557782853629046052821316747763820675066527
118580716078549345665107015595143728366883845708636149525207538513233518851184653307099014166029605305892819327067981914138340006921056571848651766112202426663064996902130974195474072849992187393987870163147996193464342577988527909053477502448496879871713121
82132766949672788435960832161271617248922113171454645252797149004379060384597897563980698587511447688368559698159227492576121562991591758312475236706624868951694364948548634144415884672100840421239852605537135310066057154798892928743255778310814540214365735193
46276926682629356658315404535313725818997943075883837669829268998616492876429208846610230280849530976984012939764625984909877718661666763238166239607943850089779593873864048262590379803517070507618286076405901648926133018219201898690432807763133368081734053276069
17384402075454749380870471143451863340965553844419421496791428267770713941411986245739793017422362269287320034385753037841542976788966446386205844970764436245547749451159509266642195217820871689300872515440169499063844875948189146541981078825695256578939401994480823
7745271666521052391521690834656871856177653466395597085228460442885689164851940991996694049538587363007565516546281363945493564084809306528556931085880951380999098275793207747242252232115333025346179716366047551764360300144885631063096440568012406829869182505380509797
